Step R 5K 50K 5K
LM358
  step	MAX(v(vout2))	FROM	TO
     1	2.51974			0		0.1
     2	2.84868			0		0.1
     3	3.02052			0		0.1
     4	3.10764			0		0.1
     5	3.14273			0		0.1
     6	3.17913			0		0.1
     7	3.20244			0		0.1
     8	3.21788			0		0.1
     9	3.2222			0		0.1
    10	3.24066			0		0.1

NE5532
  step	MAX(v(vout2))	FROM	TO
     1	2.12408e-011	0		0.1
     2	0.0256425		0		0.1
     3	2.98042			0		0.1
     4	3.04676			0		0.1
     5	3.08835			0		0.1
     6	3.12254			0		0.1
     7	3.18645			0		0.1
     8	3.22177			0		0.1
     9	3.23552			0		0.1
    10	3.24583			0		0.1
	
Step Vin 50u 3000u 550u 
LM358
  step	MAX(v(vout2))	FROM	TO
     1	0.0538019		0		0.1
     2	0.59108			0		0.1
     3	1.12905			0		0.1
     4	1.66508			0		0.1
     5	2.20919			0		0.1
     6	2.74624			0		0.1
     7	3.23492			0		0.1


NE5532
  step	MAX(v(vout2))	FROM	TO
     1	0.0539572		0		0.1
     2	0.592322		0		0.1
     3	1.13213			0		0.1
     4	1.67142			0		0.1
     5	2.21056			0		0.1
     6	2.7509			0		0.1
     7	3.23814			0		0.1
	 

Step Vin 1m 5m 1m
LM358
Measurement: vout2rms
  step	RMS(v(vout2))	FROM	TO
     1	0.747921	0	0.1
     2	1.5	0	0.1
     3	2.25252	0	0.1
     4	3.00325	0	0.1
     5	3.57594	0	0.1

Measurement: vout2avr
  step	AVG(v(vout2))	FROM	TO
     1	0.00177936	0	0.1
     2	0.00303497	0	0.1
     3	0.00511708	0	0.1
     4	0.00721469	0	0.1
     5	0.00198647	0	0.1

Measurement: vout2max
  step	MAX(v(vout2))	FROM	TO
     1	1.07528	0	0.1
     2	2.15368	0	0.1
     3	3.23492	0	0.1
     4	4.30925	0	0.1
     5	4.44531	0	0.1
	 
NE5532
Measurement: vout2rms
  step	RMS(v(vout2))	FROM	TO
     1	0.749683	0	0.1
     2	1.50356	0	0.1
     3	2.25606	0	0.1
     4	2.85518	0	0.1
     5	3.09934	0	0.1

Measurement: vout2avr
  step	AVG(v(vout2))	FROM	TO
     1	0.0012982	0	0.1
     2	0.00228137	0	0.1
     3	0.00309801	0	0.1
     4	-0.00672967	0	0.1
     5	-0.0154718	0	0.1

Measurement: vout2max
  step	MAX(v(vout2))	FROM	TO
     1	1.07756	0	0.1
     2	2.15674	0	0.1
     3	3.23814	0	0.1
     4	3.62997	0	0.1
     5	3.65464	0	0.1
